2 10
2 2
5 43
6 64
6 61
8 14
2 14
3 23
5 57
5 65
8 57
6 27
6 53
3 82
8 98
6 77
9 22
8 59
4 73
2 9
5 91
8 83
5 89
7 62
2 35
9 51
6 31
6 69
7 30
5 47
7 3
4 91
5 68
4 44
4 94
8 26
2 58
7 8
3 16
8 68
7 14
6 91
9 31
4 76
2 40
2 68
6 17
9 90
5 30
4 51
4 48
7 97
5 33
4 35
4 68
4 63
4 21
3 25
2 74
7 98
7 25
2 3
4 76
6 49
9 13
8 39
6 15
8 10
6 87
8 52
9 43
3 75
9 73
9 21
7 51
8 67
6 17
4 54
8 68
2 49
9 20
9 46
9 66
3 88
5 88
3 59
8 76
6 3
6 66
7 90
9 8
6 70
8 51
9 55
4 58
6 42
5 97
7 6
5 52
7 71
3 4
4 79
2 3
