3.321928
1.000000
2.336965
2.321117
2.294322
1.269118
3.807355
2.854050
2.512089
2.593693
1.944297
1.839442
2.215862
4.011169
2.204903
2.424324
1.406794
1.960881
3.094912
3.169925
2.802755
2.125013
2.788947
2.120928
5.129283
1.789451
1.916545
2.363100
1.747870
2.392231
0.564575
3.253897
2.621728
2.729716
3.277294
1.566813
5.857981
1.068622
2.523719
2.029154
1.356207
2.517559
1.562875
3.123964
5.321928
6.087463
1.581246
2.047952
2.113283
2.836213
2.792481
2.350936
2.172502
2.564642
3.043731
2.988640
2.196159
2.929947
6.209453
2.356207
1.654175
1.584963
3.123964
2.172066
1.167359
1.761801
1.511392
1.107309
2.492471
1.900147
1.711796
3.929947
1.952672
1.385622
2.020559
2.022030
1.581246
2.877444
2.029154
5.614710
1.363417
1.742490
1.906794
4.075448
2.781926
3.711535
2.082643
0.613147
2.338291
2.312445
0.946395
2.371130
1.890808
1.823816
2.928990
2.086033
2.842428
0.920782
2.455046
2.190584
1.261860
3.151890
1.584963
